27	0	16	9
27	0	16	9
27	0	16	9
27	0	16	9
27	0	16	9
27	0	16	9
28	0	16	10
28	0	16	10
29	0	17	10
29	0	17	10
28	0	25	11
28	0	25	11
27	0	26	11
28	0	27	11
29	0	25	11
29	0	25	11
36	0	32	14
29	0	25	11
36	0	32	14
36	0	32	14
37	0	30	14
35	0	28	13
37	0	30	14
35	0	28	13
37	0	30	14
37	0	30	14
33	0	30	13
33	0	30	13
30	0	30	12
30	0	30	12
33	0	30	13
33	0	30	13
30	0	30	12
30	0	30	12
36	2	40	16
36	2	40	16
39	6	35	19
39	6	35	19
42	9	38	22
42	9	38	22
42	8	46	22
42	8	46	22
41	10	38	22
41	10	38	22
41	10	38	22
48	17	45	29
48	17	45	29
48	17	45	29
49	18	46	30
41	10	38	22
41	10	42	22
41	10	42	22
41	10	38	22
41	10	38	22
45	20	42	29
44	19	41	28
45	19	46	29
45	19	46	29
45	19	46	29
45	19	46	29
50	17	46	30
50	17	46	30
47	22	44	31
45	20	42	29
45	19	46	29
45	19	46	29
47	22	44	31
47	22	44	31
53	29	48	38
47	23	42	32
51	21	44	32
51	21	44	32
45	19	46	29
47	21	48	31
44	23	52	32
48	27	56	36
60	36	55	45
51	27	46	36
53	33	53	41
48	28	48	36
44	21	58	32
50	27	64	38
57	26	54	38
55	24	52	36
53	33	53	41
50	30	50	38
47	21	52	32
44	18	49	29
41	10	42	22
41	10	42	22
37	11	42	22
45	19	50	30
51	26	48	35
45	20	42	29
45	19	46	29
44	18	45	28
41	10	42	22
49	18	50	30
47	22	44	31
45	20	42	29
51	26	48	35
47	22	44	31
52	21	42	32
50	19	40	30
48	18	41	29
48	18	41	29
41	10	42	22
48	17	49	29
48	17	49	29
48	17	49	29
41	10	42	22
48	17	49	29
41	10	38	22
41	10	38	22
42	9	38	22
39	6	35	19
39	1	36	16
33	0	30	13
33	0	30	13
33	0	30	13
39	1	32	15
33	0	26	12
33	0	30	13
33	0	30	13
33	0	30	13
33	0	30	13
35	0	20	12
28	0	13	9
24	0	17	9
31	0	24	12
36	0	32	14
29	0	25	11
35	0	32	14
27	0	24	10
27	0	26	11
27	0	26	11
28	0	25	11
27	0	24	10
28	0	20	10
28	0	20	10
28	0	20	10
28	0	20	10
28	0	26	11
28	0	26	11
28	0	24	11
28	0	24	11
28	0	20	10
28	0	20	10
28	0	24	11
28	0	24	11
28	0	20	10
28	0	20	10
28	0	20	10
28	0	20	10
27	0	24	10
27	0	24	10
27	0	30	11
27	0	30	11
27	0	30	11
27	0	30	11
27	0	30	11
27	0	30	11
27	0	30	11
27	0	30	11
27	0	30	11
27	0	30	11
28	0	26	11
28	0	26	11
27	0	26	11
27	0	26	11
28	0	25	11
27	0	24	10
27	0	26	11
28	0	27	11
28	0	20	10
28	0	20	10
29	0	17	10
29	0	17	10
28	0	25	11
35	0	32	14
35	0	32	14
35	0	32	14
33	0	30	13
33	0	30	13
33	0	30	13
33	0	30	13
33	0	30	13
33	0	30	13
39	1	36	16
39	1	36	16
39	0	40	16
42	3	43	19
42	9	38	22
39	6	35	19
38	7	35	19
48	17	45	29
49	18	46	30
48	17	45	29
48	17	45	29
48	17	45	29
42	9	42	22
49	16	49	29
52	19	48	32
58	25	54	38
58	26	50	38
56	24	48	36
58	27	48	38
52	21	42	32
47	21	52	32
56	30	61	41
59	33	60	43
60	34	61	44
63	43	63	51
65	45	65	53
69	50	67	57
69	50	67	57
65	58	67	61
66	59	68	62
69	58	64	61
64	53	59	56
66	54	65	58
66	54	65	58
68	53	71	59
74	59	77	65
76	65	71	68
74	63	69	66
70	69	71	69
68	67	69	67
63	61	72	62
68	66	77	67
78	72	72	73
73	67	67	68
73	67	71	69
69	63	67	65
62	61	72	62
69	68	79	69
75	74	72	74
75	74	72	74
73	67	69	69
79	73	75	75
70	69	69	69
75	74	74	74
73	74	72	73
78	79	77	78
80	80	80	80
79	79	79	79
71	64	77	67
75	68	81	71
76	82	80	79
76	82	80	79
81	81	83	81
81	81	83	81
98	102	74	97
86	90	62	85
80	91	85	87
80	91	85	87
87	87	85	86
80	80	78	79
79	80	78	79
80	81	79	80
78	78	89	79
78	78	89	79
80	91	85	87
73	84	78	80
75	73	84	74
70	68	79	69
61	58	77	61
75	72	91	75
76	75	73	75
72	71	69	71
66	53	71	58
68	55	73	60
60	46	69	52
69	55	78	61
66	59	68	62
73	66	75	69
74	63	69	66
74	63	69	66
74	63	69	66
68	57	63	60
60	46	73	53
66	52	79	59
66	52	67	57
62	48	63	53
74	51	61	59
63	40	50	48
66	42	61	51
60	36	55	45
64	35	51	45
60	31	47	41
63	39	58	48
63	39	58	48
67	36	64	48
57	26	54	38
55	17	48	31
53	15	46	29
52	14	45	28
53	15	46	29
58	27	48	38
50	19	40	30
39	6	35	19
39	6	35	19
49	16	45	29
42	9	38	22
46	3	35	19
37	0	26	14
33	0	34	13
39	0	40	16
37	0	34	14
37	0	34	14
37	0	30	14
35	0	28	13
36	0	32	14
36	0	32	14
36	0	32	14
29	0	25	11
29	0	25	11
29	0	25	11
36	0	32	14
29	0	25	11
29	0	25	11
29	0	25	11
28	0	25	11
27	0	24	10
29	0	25	11
28	0	24	11
29	0	25	11
36	0	32	14
37	0	30	14
35	0	28	13
37	0	30	14
35	0	28	13
37	0	30	14
35	0	28	13
36	0	32	14
44	0	40	17
47	2	39	19
44	0	36	17
43	0	42	17
46	1	45	19
52	19	48	32
58	25	54	38
59	16	48	32
46	3	35	19
39	4	49	19
52	17	62	32
54	51	65	53
68	65	79	67
74	62	73	66
74	62	73	66
74	62	77	67
74	62	77	67
65	44	69	53
63	42	67	51
45	27	62	36
71	53	88	62
78	97	84	89
96	115	102	107
97	128	100	115
95	126	98	113
100	131	103	118
97	128	100	115
92	105	101	100
95	108	104	103
73	137	114	115
99	163	140	141
128	184	111	158
106	162	89	136
109	124	106	117
102	117	99	110
95	125	102	113
99	129	106	117
95	155	117	132
112	172	134	149
110	226	122	179
123	239	135	192
129	255	153	205
133	255	157	207
139	255	175	211
142	255	178	212
147	255	170	213
143	255	166	211
153	255	169	214
146	255	162	211
134	255	176	209
146	255	188	214
149	255	182	214
157	255	190	218
157	255	166	215
157	255	166	215
165	255	200	221
164	255	199	221
159	255	203	220
162	255	206	221
157	255	172	216
157	255	172	216
154	255	196	218
154	255	196	218
159	255	180	217
159	255	180	217
154	255	182	216
154	255	182	216
157	255	196	218
157	255	196	218
157	255	196	218
157	255	196	218
159	255	200	220
159	255	200	220
165	255	194	221
165	255	194	221
162	255	196	220
162	255	196	220
167	255	210	223
167	255	210	223
170	255	210	224
170	255	210	224
173	255	218	226
173	255	218	226
176	255	218	227
176	255	218	227
181	255	218	228
181	255	218	228
184	255	224	230
184	255	224	230
187	255	234	232
187	255	234	232
189	255	234	232
189	255	234	232
189	255	238	233
189	255	238	233
192	255	234	233
192	255	234	233
195	255	244	235
195	255	244	235
195	255	244	235
195	255	244	235
197	255	242	236
197	255	242	236
203	255	244	238
203	255	244	238
203	255	252	239
203	255	252	239
207	255	254	240
207	255	254	240
211	255	255	241
211	255	255	241
215	255	254	242
215	255	254	242
208	255	255	240
208	255	255	240
208	255	252	240
208	255	252	240
211	255	252	241
211	255	252	241
219	255	255	244
219	255	255	244
223	255	255	245
223	255	255	245
219	255	255	244
219	255	255	244
219	255	255	244
219	255	255	244
223	255	255	245
223	255	255	245
227	255	255	246
227	255	255	246
227	255	255	246
227	255	255	246
226	255	255	246
226	255	255	246
227	255	255	246
227	255	255	246
227	255	255	246
227	255	255	246
227	255	255	246
227	255	255	246
227	255	255	246
227	255	255	246
227	255	255	246
227	255	255	246
231	255	255	247
231	255	255	247
234	255	255	248
234	255	255	248
231	255	255	247
231	255	255	247
231	255	255	247
231	255	255	247
235	255	255	249
235	255	255	249
239	255	254	250
239	255	254	250
234	255	254	248
234	255	254	248
227	255	255	246
227	255	255	246
227	255	255	246
227	255	255	246
231	255	255	247
231	255	255	247
231	255	255	247
231	255	255	247
227	255	255	246
227	255	255	246
227	255	255	246
227	255	255	246
227	255	255	246
227	255	255	246
226	255	255	246
226	255	255	246
226	255	255	246
226	255	255	246
227	255	255	246
227	255	255	246
227	255	255	246
227	255	255	246
226	255	255	246
226	255	255	246
223	255	255	245
223	255	255	245
216	255	255	243
216	255	255	243
216	255	255	243
216	255	255	243
215	255	255	243
215	255	255	243
215	255	255	243
215	255	255	243
211	255	255	241
211	255	255	241
211	255	255	241
211	255	255	241
215	255	248	242
215	255	248	242
208	255	238	239
208	255	238	239
203	255	244	238
203	255	244	238
203	255	248	238
203	255	248	238
200	255	248	237
200	255	248	237
200	255	248	237
200	255	248	237
195	255	248	236
195	255	248	236
195	255	242	235
195	255	242	235
192	255	242	234
192	255	242	234
189	255	248	234
189	255	248	234
181	255	244	231
181	255	244	231
176	255	234	228
176	255	234	228
181	255	220	228
181	255	220	228
187	255	228	231
187	255	228	231
187	255	228	231
187	255	228	231
178	255	230	229
178	255	230	229
176	255	230	228
176	255	230	228
170	255	228	226
170	255	228	226
167	255	228	225
167	255	228	225
167	255	230	225
167	255	230	225
162	255	218	222
162	255	218	222
154	255	206	219
154	255	206	219
154	255	204	218
154	255	204	218
148	255	196	216
148	255	196	216
157	255	196	218
157	255	196	218
165	255	196	221
165	255	196	221
162	255	196	220
162	255	196	220
165	255	190	220
165	255	190	220
167	255	210	223
167	255	210	223
162	255	206	221
161	255	205	221
164	255	203	221
157	255	196	218
162	255	173	217
150	255	161	212
144	255	177	212
146	255	179	213
144	255	177	212
142	255	175	212
148	255	165	212
136	255	153	207
134	247	160	203
131	244	157	200
122	234	156	191
126	238	160	195
139	251	130	203
128	240	119	192
138	236	131	194
124	222	117	180
136	217	129	182
124	205	117	170
127	193	126	165
115	181	114	153
117	164	119	144
117	164	119	144
122	171	110	149
109	158	97	136
120	162	107	143
102	144	89	125
107	139	102	125
93	125	88	111
96	95	102	96
90	89	96	90
85	83	90	84
81	79	86	80
83	89	89	87
80	86	86	84
90	83	92	86
78	71	80	74
79	60	77	67
69	50	67	57
71	39	63	51
61	29	53	41
57	14	50	30
56	13	49	29
49	15	53	29
42	8	46	22
46	1	45	19
37	0	36	15
